reproduce effb0

[1, 6, 1, 1, 1, 1, 1, 6, 2, 0, 1, 0]
[4, 6, 6, 6, 6, 1, 1, 7, 2, 0, 1, 0]
[3, 6, 6, 6, 1, 1, 1, 7, 2, 0, 1, 0]
[3, 6, 6, 4, 1, 1, 1, 8, 2, 0, 1, 0]
[2, 6, 4, 1, 1, 1, 1, 8, 2, 0, 1, 0]
[2, 6, 6, 1, 1, 1, 1, 7, 2, 0, 1, 0]
[1, 6, 1, 1, 1, 1, 1, 9, 2, 0, 1, 0]


[
    0.2948085319340229,
    0.30567411774396896,
    0.2834483900666237,
    0.30114803794026374,
    0.2880322949886322,
    0.29887656280398367,
    0.3143076354891062,
    0.3013570491492748,
    0.3056336004555225,
    0.2992054265379906,
    0.07830930635929108,
    0.08925374701321125,
    0.02512926085963845,
    0.04381687664613128
]